1 0.4697265625 0.3802083328125 0.4677734375 0.3828125 0.4658203125 0.3828125 0.462890625 0.38671875 0.462890625 0.3893229171875 0.4638671875 0.390625 0.4697265625 0.390625 0.470703125 0.3893229171875 0.474609375 0.3841145828125 0.4736328125 0.3828125 0.4716796875 0.3828125 0.4697265625 0.3802083328125
1 0.5712890625 0.40625 0.5673828125 0.40625 0.56640625 0.4075520828125 0.56640625 0.41015625 0.5673828125 0.4114583328125 0.5771484375 0.4114583328125 0.578125 0.41015625 0.578125 0.4075520828125 0.5751953125 0.4036458328125 0.5732421875 0.4036458328125 0.5712890625 0.40625
1 0.634765625 0.4752604171875 0.6337890625 0.4739583328125 0.6259765625 0.4739583328125 0.623046875 0.4778645828125 0.623046875 0.48046875 0.6240234375 0.4817708328125 0.6279296875 0.4817708328125 0.62890625 0.48046875 0.6298828125 0.4791666671875 0.6337890625 0.4791666671875 0.634765625 0.4778645828125 0.634765625 0.4752604171875
1 0.3955078125 0.5416666671875 0.3935546875 0.5390625 0.3896484375 0.5390625 0.3876953125 0.5364583328125 0.3857421875 0.5390625 0.3837890625 0.5390625 0.3828125 0.5403645828125 0.3876953125 0.546875 0.3896484375 0.546875 0.3916015625 0.5494791671875 0.3955078125 0.5494791671875 0.396484375 0.5481770828125 0.3984375 0.5455729171875 0.3984375 0.54296875 0.3974609375 0.5416666671875 0.3955078125 0.5416666671875
1 0.38671875 0.6549479171875 0.38671875 0.6575520828125 0.3876953125 0.6588541671875 0.3935546875 0.6588541671875 0.39453125 0.6575520828125 0.39453125 0.6549479171875 0.3916015625 0.6510416671875 0.3896484375 0.6510416671875 0.38671875 0.6549479171875
1 0.3310546875 0.21354166718749998 0.328125 0.21744791718749998 0.3310546875 0.22135416718749998 0.3388671875 0.22135416718749998 0.33984375 0.22005208281250002 0.341796875 0.21744791718749998 0.341796875 0.21484375 0.3408203125 0.21354166718749998 0.3310546875 0.21354166718749998
0 0.2744140625 0.3697916671875 0.2724609375 0.3671875 0.2666015625 0.3671875 0.2646484375 0.3697916671875 0.2626953125 0.3697916671875 0.26171875 0.37109375 0.26171875 0.3736979171875 0.2646484375 0.3776041671875 0.2744140625 0.3776041671875 0.275390625 0.3763020828125 0.27734375 0.3736979171875 0.27734375 0.37109375 0.2763671875 0.3697916671875 0.2744140625 0.3697916671875
0 0.6806640625 0.4192708328125 0.6787109375 0.421875 0.6748046875 0.421875 0.671875 0.42578125 0.671875 0.4283854171875 0.6728515625 0.4296875 0.6845703125 0.4296875 0.685546875 0.4283854171875 0.6875 0.42578125 0.6875 0.4231770828125 0.6845703125 0.4192708328125 0.6806640625 0.4192708328125
0 0.5009765625 0.3515625 0.4970703125 0.3515625 0.494140625 0.35546875 0.4970703125 0.359375 0.5048828125 0.359375 0.505859375 0.3580729171875 0.505859375 0.35546875 0.5048828125 0.3541666671875 0.5029296875 0.3541666671875 0.5009765625 0.3515625
0 0.6025390625 0.3515625 0.6005859375 0.3489583328125 0.5927734375 0.3489583328125 0.591796875 0.3502604171875 0.591796875 0.35546875 0.5947265625 0.359375 0.5986328125 0.359375 0.6005859375 0.3619791671875 0.6044921875 0.3619791671875 0.60546875 0.3606770828125 0.607421875 0.3580729171875 0.607421875 0.35546875 0.6044921875 0.3515625 0.6025390625 0.3515625
1 0.6015625 0.2825520828125 0.6005859375 0.28125 0.5986328125 0.28125 0.5966796875 0.2786458328125 0.5908203125 0.2786458328125 0.5888671875 0.28125 0.5849609375 0.28125 0.583984375 0.2825520828125 0.5849609375 0.2838541671875 0.5888671875 0.2838541671875 0.5927734375 0.2890625 0.5966796875 0.2890625 0.59765625 0.2877604171875 0.5986328125 0.2864583328125 0.6005859375 0.2864583328125 0.6015625 0.28515625 0.6015625 0.2825520828125