1 0.45993451093750004 0.40561494218750005 0.461233925 0.40667845468749997 0.4668740484375 0.40542681406250003 0.4674546734375 0.40394608906249996 0.46977717500000005 0.398023184375 0.4684777578125 0.39695967187500003 0.46659771718750004 0.39737688437499996 0.46399888437500003 0.395249859375 0.46283763437500003 0.3982113125 0.46095759531249997 0.398628525 0.45921572031249996 0.40307070312500004 0.45993451093750004 0.40561494218750005
1 0.5666264140624999 0.40492005468750003 0.576026615625 0.4028339890625 0.5766072421875 0.4013532640625 0.5758884515625 0.3988090234375 0.5719902046875001 0.3956184859375 0.5701101625 0.39603569843750003 0.5689489140624999 0.39899715156250004 0.56518883125 0.39983157812500003 0.5646082078125 0.401312303125 0.565326996875 0.4038565421875 0.5666264140624999 0.40492005468750003
1 0.639255528125 0.460451796875 0.64055494375 0.461515309375 0.644315025 0.46068088124999995 0.64489565 0.45920015625 0.645476275 0.45771943125 0.64923635625 0.45688500468750004 0.64981698125 0.4554042765625 0.6490981921875 0.45286004062499996 0.6477987749999999 0.45179652656249997 0.6402786125000001 0.4534653796875 0.6385367375000001 0.4579075578125 0.639255528125 0.460451796875
1 0.4270033640625 0.568388584375 0.42512332343750003 0.5688057984375 0.42454269843750003 0.5702865234375001 0.4310397765625 0.5756040875 0.43291981875 0.575186875 0.43551865 0.5773139015625001 0.43927873125000005 0.5764794734375001 0.43985935625000006 0.574998746875 0.44102060625000006 0.5720372968749999 0.440301815625 0.56949305625 0.4390024 0.5684295453125 0.437122359375 0.5688467578124999 0.434523528125 0.5667197328125 0.430763446875 0.567554159375 0.4281646140625 0.5654271328125 0.4270033640625 0.568388584375
1 0.46816852343750004 0.6822739796875 0.467449734375 0.6797297421875 0.4635514859375 0.6765392046875001 0.4616714453125 0.67695641875 0.45992957187499994 0.6813985953125 0.4606483609375 0.683942834375 0.461947778125 0.6850063468750001 0.46758789843750004 0.68375470625 0.46816852343750004 0.6822739796875
1 0.29477054687500004 0.26652387499999997 0.29593179687500004 0.263562425 0.29521300625 0.261018184375 0.293913590625 0.2599546734375 0.28451338593750003 0.2620407390625 0.2827715109375 0.26648291875 0.28666975781250004 0.26967345625 0.29418992187500004 0.2680046015625 0.29477054687500004 0.26652387499999997
0 0.2618394 0.42929752031249996 0.261258775 0.43077824531250003 0.2619775671875 0.4333224859375 0.2658758125 0.4365130234375 0.2752760171875 0.43442695625 0.2758566421875 0.43294622968749996 0.2770178921875 0.42998477812499997 0.2762991015625 0.42744053906249996 0.2749996859375 0.426377028125 0.2731196453125 0.42679423906249997 0.2705208140625 0.424667215625 0.26488069062499997 0.4259188546875 0.26371944062499997 0.42888030625000007 0.2618394 0.42929752031249996
0 0.671880734375 0.39913669218750003 0.6731801500000001 0.4002002046875 0.68446039375 0.397696925 0.6850410203124999 0.3962162 0.6862022703124999 0.393254746875 0.685483478125 0.3907105078125 0.6815852328124999 0.38751997031249996 0.6778251515625 0.388354396875 0.6766639 0.3913158484375 0.6729038187499999 0.3921502765625 0.6711619437499999 0.396592453125 0.671880734375 0.39913669218750003
0 0.49208929531249995 0.3673861109375 0.49266992031249995 0.3659053859375 0.491951128125 0.363361146875 0.49065171406249997 0.362297634375 0.48877167187500004 0.3627148484375 0.486172840625 0.360587821875 0.482412759375 0.3614222484375 0.480670884375 0.3658644265625 0.48456913124999995 0.3690549640625 0.49208929531249995 0.3673861109375
0 0.5746729234375 0.345003759375 0.5785711703125 0.348194296875 0.5823312515625 0.3473598703125 0.584930084375 0.3494868953125 0.588690165625 0.3486524703125 0.589270790625 0.34717174375000004 0.590432040625 0.344210290625 0.5897132484375 0.341666053125 0.5858150015625 0.3384755140625 0.5839349609375 0.338892728125 0.5813361296874999 0.33676570156249996 0.5738159671874999 0.33843455625 0.5732353421874999 0.3399152828125 0.5746729234375 0.345003759375
1 0.5525285765625 0.270157328125 0.5513673265625 0.27311878125 0.5476072453125 0.27395320624999997 0.5470266203125 0.27543393125 0.5483260359375 0.276497446875 0.5520861171875 0.27566301875 0.5572837796875 0.27991706875 0.5610438609374999 0.27908264374999997 0.5616244874999999 0.2776019171875 0.5622051124999999 0.27612119062499996 0.564085153125 0.275703978125 0.564665778125 0.2742232515625 0.5639469874999999 0.27167901250000004 0.562647571875 0.2706155 0.56076753125 0.2710327140625 0.5581687 0.2689056875 0.5525285765625 0.270157328125