1 0.53863053125 0.4010704203125 0.544488715625 0.40137712187499996 0.5454953796875001 0.40012774375 0.5455559812499999 0.3975267484375 0.5427177890625 0.39347190625 0.540765059375 0.393369671875 0.53887293125 0.39066644375 0.536859603125 0.39316520312500003 0.534906875 0.39306297031250004 0.5339002109375001 0.3943123484375 0.5376844671875001 0.39971880625 0.53863053125 0.4010704203125
1 0.43074566875000003 0.41625548749999997 0.44050931093749995 0.4167666578125 0.441515975 0.4155172796875 0.441576575 0.41291628437499994 0.44063050937500003 0.411564671875 0.436725053125 0.411360203125 0.4348329265625 0.408656975 0.43288019687499996 0.4085547390625 0.42986020468749997 0.4123028796875 0.4297996046875 0.414903875 0.43074566875000003 0.41625548749999997
1 0.378338521875 0.48382423281250003 0.382243978125 0.4840287 0.3832506421875 0.48277932031250004 0.38331124375000003 0.48017832812499994 0.3804730515625 0.47612348437499996 0.3726621375 0.47571454687500003 0.3716554734375 0.4769639296875 0.3715948734375 0.47956492031250003 0.3725409375 0.4809165375 0.37644639375 0.48112100625 0.37739245625 0.48247261874999997 0.378338521875 0.48382423281250003
1 0.6091375875 0.5636159484375 0.6130430437500001 0.5638204171875 0.615056371875 0.5613216578125 0.6170091015625 0.561423890625 0.6220424234374999 0.5551769906249999 0.6210963578124999 0.553825378125 0.6191436312499999 0.55372314375 0.617251503125 0.5510199140625 0.615238175 0.5535186750000001 0.6113327171875 0.5533142062499999 0.6093193875 0.5558129671875001 0.6073666609374999 0.5557107328125 0.606359996875 0.5569601125 0.6062993953125 0.55956110625 0.608191521875 0.562264334375 0.6091375875 0.5636159484375
1 0.6085451015625 0.6729599265624999 0.6144032859374999 0.6732666296875001 0.61540995 0.6720172484375 0.6154705515625001 0.6694162546875 0.6126323593749999 0.6653614125 0.61067963125 0.6652591796875 0.6076596375000001 0.6690073171875001 0.6075990375 0.6716083109375 0.6085451015625 0.6729599265624999
1 0.673402353125 0.2388555109375 0.6812132671875 0.2392644484375 0.684233259375 0.2355163078125 0.6813950671875 0.2314614671875 0.6716314265625 0.2309502953125 0.6706247609375 0.232199675 0.6705641609375 0.23480066875 0.6724562890625 0.237503896875 0.673402353125 0.2388555109375
0 0.73420636875 0.39828887343749997 0.743970009375 0.3988000453125 0.746990003125 0.39505190625000003 0.7470506046875001 0.3924509109375 0.7461045390625001 0.391099296875 0.7441518109375 0.3909970640625 0.7422596828125 0.388293834375 0.736401496875 0.3879871328125 0.73438816875 0.39048589218749996 0.732435440625 0.3903836578125 0.7314287765625 0.3916330375 0.731368175 0.39423403281249997 0.733260303125 0.396937259375 0.73420636875 0.39828887343749997
0 0.32292140625 0.4288395625 0.3346377765625 0.4294529671875 0.335644440625 0.4282035890625 0.335705040625 0.42560259375 0.33286684843750003 0.4215477515625 0.3289613921875 0.42134328437499996 0.32706926406250003 0.41864005468750004 0.3231638078125 0.41843558593749997 0.320143815625 0.422183725 0.3200832140625 0.4247847203125 0.3219753421875 0.4274879484375 0.32292140625 0.4288395625
0 0.5042086234375 0.3680182765625 0.5120195390625 0.3684272140625 0.51503953125 0.364679075 0.5122013390625 0.3606242328125 0.5082958828125 0.36041976249999996 0.5062825546874999 0.362918525 0.504329825 0.3628162890625 0.5033231609375 0.36406566875 0.5032625609375 0.3666666625 0.5042086234375 0.3680182765625
0 0.4045588765625 0.365405325 0.40846433437499996 0.36560979374999997 0.4104776640625 0.36311103437500003 0.4143831203125 0.363315503125 0.4174031125 0.3595673625 0.41752431406249996 0.354365375 0.41657825 0.353013759375 0.40876733749999994 0.3526048234375 0.4067540078125 0.3551035828125 0.40480127968749996 0.35500135 0.40178128593749995 0.3587494890625 0.40172068593750004 0.3613504828125 0.40361281406250005 0.3640537109375 0.4045588765625 0.365405325
1 0.4140666015625 0.2929864328125 0.4179720578125 0.2931909015625 0.4219987140625 0.2881933828125 0.4259041703125 0.2883978515625 0.4269108359375 0.2871484703125 0.42596477187500004 0.28579685625 0.42205931406249997 0.2855923875 0.4201671875 0.282889159375 0.4143090015625 0.28258245625 0.4122956734375 0.285081215625 0.4103429453125 0.2849789828125 0.40933628125 0.2862283609375 0.4092756796875 0.28882935625 0.41022174375000003 0.2901809703125 0.4121744734375 0.2902832046875 0.41312053593750003 0.29163481875 0.4140666015625 0.2929864328125