0 0.5782839200747694 0.5607633652558245 0.01736931333545435 0.01592500892845372
0 0.6360958727323152 0.4945986229664622 0.015843176002545433 0.019022735389503432
0 0.60510895472627 0.44953553895693055 0.012590906667727353 0.008030688311602674
0 0.5507845340547248 0.4126571018631438 0.007976132001908987 0.014198867694751626
0 0.5591691987189521 0.39483835632737063 0.009447725334181811 0.0064136412337020944
0 0.47198901408335986 0.6221763778377262 0.01893181333545435 0.01595228246740401
0 0.5249680160725421 0.5434298149315129 0.011064769334818082 0.011128414772652384
0 0.4350879034054513 0.5387365864418683 0.012645450668363622 0.012718188311602674
0 0.4984782414067239 0.5492161647693571 0.006322725334181811 0.006359094155801337
0 0.45152142540576945 0.5413667086008468 0.01417158800127254 0.009620461850553142
0 0.7111236920750874 0.5654253660666033 0.01257272533418181 0.006468188311602674
0 0.7111685980664969 0.5021577528360786 0.011010225334181811 0.006440914772652384