0 0.41667184718556916 0.4700961689755383 0.014644696856846906 0.012909176959604095
0 0.4382600568626976 0.5315792382550105 0.013082196856846907 0.01286371285298138
0 0.3488871877561097 0.505573016230829 0.00959332382131759 0.004960284639736123
0 0.48431741955914465 0.5321391794003796 0.00668664764263518 0.009556856426490868
0 0.5024360268789082 0.602883588413295 0.012863873035529317 0.008176212852981379
0 0.528159464844415 0.5521394423325033 0.008394696856846906 0.012727320533113406
0 0.5435661410230974 0.5479065833987301 0.014644696856846906 0.012909176959604095
0 0.47757295988201626 0.4710880191338228 0.006613873035529317 0.007994356426490868
0 0.4856915208830522 0.4276335358268703 0.00668664764263518 0.009556856426490689
0 0.4841461375084407 0.41120455377355897 0.006541098428423453 0.00643185642649069
0 0.5306466100058508 0.5217843525990601 0.00334332382131759 0.004778428213245434