0 0.42578125 0.546875 0.0171875 0.0140625
0 0.3703125 0.4765625 0.0140625 0.01796875
0 0.403125 0.43359375 0.01171875 0.00703125
0 0.459375 0.40078125 0.0078125 0.01328125
0 0.4515625 0.3828125 0.009375 0.00625
0 0.52890625 0.615625 0.01875 0.0140625
0 0.4796875 0.53359375 0.0109375 0.0109375
0 0.56953125 0.53515625 0.01171875 0.01171875
0 0.50546875 0.540625 0.00546875 0.00546875
0 0.553125 0.53671875 0.01328125 0.009375
0 0.29296875 0.5421875 0.0125 0.00546875
0 0.2953125 0.47890625 0.01015625 0.00546875