1 0.425556465625 0.6081584999999999 0.4254699046875 0.6001207046875 0.42338818125 0.5977247453125 0.4203264 0.602374403125 0.4201428046875 0.6093192265625 0.425556465625 0.6081584999999999
1 0.42235049687500004 0.6151758968750001 0.4233635953125 0.6192745921875 0.4264978421875 0.621192115625 0.4270634734375 0.617330396875 0.4273589140625 0.612375675 0.4265484375 0.609096728125 0.42329652968750003 0.6088873312499999 0.42235049687500004 0.6151758968750001
1 0.41395550937500003 0.734119540625 0.41400967031249997 0.730751109375 0.413839753125 0.7282699265625 0.4131305828125 0.725400834375 0.41115982500000003 0.7242967640625 0.4095515578125 0.7261682046875 0.40972145937500004 0.7286493890625 0.4097202484375 0.7313351031249999 0.409837215625 0.7344990046875 0.4108492453125 0.73679963125 0.41282282812500004 0.736712171875 0.4143888890625 0.7358728671875 0.41395550937500003 0.734119540625
0 0.4168774203125 0.4689150140625 0.417116265625 0.4644999421875 0.41683393750000003 0.4599751375 0.4136689546875 0.46490338124999997 0.41403586406250004 0.4681815328125 0.4168774203125 0.4689150140625
0 0.3369445875 0.50787251875 0.340943440625 0.5097005890624999 0.3447330078125 0.508888078125 0.3470500609375 0.50570583125 0.346276796875 0.5019419953125001 0.3406036359375 0.504738215625 0.3369445875 0.50787251875
0 0.43658101875 0.42306585781250006 0.43550006249999995 0.4276614921875 0.438971990625 0.43094526406250006 0.44299795 0.4310891203125 0.445080675 0.4262412203125 0.44202773906250004 0.42357645 0.43658101875 0.42306585781250006
0 0.226004709375 0.7657891546875 0.231215053125 0.7653433749999999 0.2316631984375 0.763568878125 0.22716445937500002 0.7615122984375 0.2217306578125 0.760550428125 0.22090025 0.7648695015625 0.226004709375 0.7657891546875
0 0.2468119953125 0.8087124125 0.2526009921875 0.80881394375 0.25873225781250003 0.8085063859374999 0.2626006234375 0.8080126578125 0.256732815625 0.80759235 0.2537607421875 0.8045370859375 0.24953270156250001 0.8057511171874999 0.2468119953125 0.8087124125
1 0.3277032609375 0.30192611875 0.3275038234375 0.30650059375 0.3292194890625 0.30940563125 0.3311142640625 0.308999378125 0.33342456249999997 0.306238175 0.3326562984375 0.303130009375 0.329498571875 0.297936309375 0.3277032609375 0.30192611875
1 0.2596667625 0.364348309375 0.255325003125 0.364272165625 0.252562228125 0.363857475 0.24862929375 0.364340125 0.24504222343749998 0.36572159531250004 0.24626478125 0.367977084375 0.2496591359375 0.3682563390625 0.25405999218750003 0.368571571875 0.2591127375 0.3674882265625 0.26171852812499996 0.365922496875 0.2624295125 0.36476300625 0.2596667625 0.364348309375
0 0.3528305578125 0.3134466625 0.3495340890625 0.3149087328125 0.3453696234375 0.315549865625 0.3427638625 0.317115609375 0.3505793546875 0.3164469515625 0.355355103125 0.31693357187500004 0.3563075421875 0.313890034375 0.3528305578125 0.3134466625
