1 0.37734375 0.47734375 0.01484375 0.0140625
1 0.4265625 0.54375 0.0140625 0.0125
1 0.47890625 0.5328125 0.00859375 0.01015625
1 0.52578125 0.6109375 0.015625 0.00859375
1 0.44765625 0.39140625 0.00703125 0.00703125
1 0.45234375 0.40625 0.0078125 0.00859375
1 0.4078125 0.43671875 0.01171875 0.0078125
1 0.515625 0.5484375 0.00390625 0.00625
1 0.54921875 0.5296875 0.015625 0.0078125
1 0.5558177093750001 0.5322770125 0.5523460515624999 0.5358588265625001 0.5527800328125 0.5391150015624999 0.5571195906249999 0.5391150015624999 0.5588553859375 0.5378125015624999 0.5601572671875 0.5355331890625 0.561025165625 0.5329282375 0.56493080625 0.5309745625 0.56493080625 0.5273927484375001 0.559723284375 0.5290208359374999 0.5558177093750001 0.5322770125
1 0.3053709359375 0.541484546875 0.308868915625 0.5403379312500001 0.3097972953125 0.5389447171875 0.30745393125 0.53816323125 0.3019860921875 0.5377724890625 0.29808049062499997 0.540703046875 0.30120496406249997 0.5412891640625 0.3053709359375 0.541484546875
1 0.30625 0.4796875 0.0078125 0.00390625
