1 0.5624792046875 0.48036238750000004 0.572047125 0.481946265625 0.5744875406250001 0.47969317499999997 0.5764011250000001 0.48000995 0.5776213328125 0.4788834046875 0.5781481625 0.4763135390625 0.576068034375 0.47198357812499997 0.564586528125 0.4700829265625 0.5609259062499999 0.47346256249999996 0.5603990750000001 0.476032428125 0.561785828125 0.47891906874999995 0.5624792046875 0.48036238750000004
1 0.5052110296875 0.48948174062499994 0.5071246140625 0.4897985171875 0.5083448203125001 0.488671971875 0.510978978125 0.47582264375000005 0.5061253406249999 0.46571940312500004 0.5042117578124999 0.46540262656250003 0.5029915500000001 0.466529171875 0.50035739375 0.4793785 0.501744146875 0.4822651390625 0.501217315625 0.48483500468749996 0.5019106921875001 0.48627832499999996 0.5038242765625001 0.48659510156249997 0.504517653125 0.4880384203125 0.5052110296875 0.48948174062499994
1 0.7030307734375 0.508943484375 0.70494435625 0.509260259375 0.7073847734375 0.50700716875 0.7112119406249999 0.50764071875 0.7148725640625 0.5042610843750001 0.7153993953125 0.50169121875 0.7147060187500001 0.5002478984375001 0.7089652656250001 0.49929757343750003 0.70652485 0.5015506640625 0.704611265625 0.5012338875 0.7033910578125 0.5023604328125 0.702337396875 0.5075001640625 0.7030307734375 0.508943484375
1 0.5317530781250001 0.5337316765625 0.5341934921875 0.5314785859375 0.5380206624999999 0.5321121359375 0.5441217 0.5264794125 0.54464853125 0.5239095453125 0.547088946875 0.5216564546875 0.5450088171874999 0.51732649375 0.5411816468749999 0.5166929437500001 0.5387412328125001 0.5189460343750001 0.5368276484375001 0.518629259375 0.530726609375 0.524261984375 0.5296729484375 0.5294017156249999 0.5310597015625 0.53228835625 0.5317530781250001 0.5337316765625
1 0.988226275 0.23730555312499998 0.9870060687500001 0.2384320984375 0.9864792359375001 0.2410019640625 0.984038821875 0.2432550546875 0.9819314968749999 0.253534515625 0.9826248734374999 0.2549778359375 0.9864520421874999 0.2556113875 0.9876722484375 0.2544848421875 0.98819908125 0.251914975 0.9906394953125 0.24966188749999998 0.9926877203125001 0.23967071718750002 0.9926990046874999 0.2392828921875 0.99205344375 0.23793910468749999 0.988226275 0.23730555312499998
1 0.916594309375 0.2971886640625 0.920421478125 0.297822215625 0.9216416859375001 0.29669566875000003 0.9242758406249999 0.2838463421875 0.9235824640624999 0.282403021875 0.9174814265625001 0.2880357484375 0.9159009328125001 0.29574534531249996 0.916594309375 0.2971886640625
1 0.8593567046875 0.38336831718750003 0.86509745625 0.38431864375 0.8663176640625 0.383192096875 0.8668444953125001 0.3806222328125 0.8661511203125001 0.3791789109375 0.8623239500000001 0.3785453609375 0.858663328125 0.3819249953125 0.8593567046875 0.38336831718750003
0 0.6920387765625 0.2440732234375 0.69586594375 0.244706775 0.6995265671875 0.24132713906249997 0.7011070609375001 0.23361754218750003 0.703547478125 0.23136445156250002 0.7014673484375 0.227034490625 0.6938130109375 0.2257673890625 0.6925928031249999 0.226893934375 0.691012309375 0.23460353125000002 0.68857189375 0.23685662187499998 0.6913454 0.24262990312500002 0.6920387765625 0.2440732234375
0 0.6991118921874999 0.2771290359375 0.70485264375 0.27807936093749996 0.7085132671875 0.2746997265625 0.7090400984375 0.272129859375 0.7114805140625 0.26987676875 0.7107871375 0.26843344999999996 0.7088735546875 0.268116675 0.7074868015625 0.2652300328125 0.698945346875 0.27311585 0.698418515625 0.27568571406250003 0.6991118921874999 0.2771290359375
0 0.6643342859375 0.2634007109375 0.6662478703125 0.2637174859375 0.6686882859375001 0.2614643953125 0.6706018703125001 0.26178117031250003 0.6718220765625 0.26065462500000003 0.672875740625 0.25551489374999997 0.6753161546875 0.25326180468750004 0.6763698171875 0.24812207343749998 0.675676440625 0.246678753125 0.6699356875 0.2457284265625 0.66871548125 0.246854971875 0.66818865 0.24942483750000002 0.665748234375 0.251677928125 0.663640909375 0.2619573890625 0.6643342859375 0.2634007109375
