1 0.5361328125 0.5026041671875 0.5341796875 0.5052083328125 0.5322265625 0.5052083328125 0.529296875 0.5091145828125 0.529296875 0.5143229171875 0.5302734375 0.515625 0.5341796875 0.515625 0.53515625 0.5143229171875 0.541015625 0.5065104171875 0.541015625 0.50390625 0.5400390625 0.5026041671875 0.5361328125 0.5026041671875
1 0.4697265625 0.6927083328125 0.466796875 0.6966145828125 0.466796875 0.70703125 0.4677734375 0.7083333328125 0.46875 0.70703125 0.474609375 0.69921875 0.474609375 0.6940104171875 0.4736328125 0.6927083328125 0.4697265625 0.6927083328125
1 0.4150390625 0.6979166671875 0.412109375 0.7018229171875 0.4140625 0.7044270828125 0.4140625 0.7096354171875 0.4169921875 0.7135416671875 0.41796875 0.7122395828125 0.419921875 0.7096354171875 0.419921875 0.69921875 0.4189453125 0.6979166671875 0.4150390625 0.6979166671875
0 0.546875 0.67578125 0.546875 0.6783854171875 0.5478515625 0.6796875 0.5537109375 0.6796875 0.5546875 0.6783854171875 0.5546875 0.67578125 0.5537109375 0.6744791671875 0.5478515625 0.6744791671875 0.546875 0.67578125
0 0.5439453125 0.703125 0.5419921875 0.703125 0.541015625 0.7044270828125 0.541015625 0.70703125 0.5390625 0.7096354171875 0.5390625 0.71484375 0.5400390625 0.7161458328125 0.5419921875 0.7161458328125 0.54296875 0.71484375 0.54296875 0.7122395828125 0.544921875 0.7096354171875 0.544921875 0.7044270828125 0.5439453125 0.703125
0 0.56640625 0.69140625 0.56640625 0.6966145828125 0.5693359375 0.7005208328125 0.5712890625 0.7005208328125 0.572265625 0.69921875 0.572265625 0.69140625 0.5712890625 0.6901041671875 0.5673828125 0.6901041671875 0.56640625 0.69140625
1 0.4150390625 0.828125 0.41015625 0.8346354171874999 0.41015625 0.8450520828125001 0.4111328125 0.8463541671874999 0.412109375 0.8450520828125001 0.41796875 0.8372395828125001 0.41796875 0.8294270828125001 0.4169921875 0.828125 0.4150390625 0.828125
0 0.4912109375 0.8255208328125001 0.4873046875 0.8255208328125001 0.484375 0.8294270828125001 0.484375 0.8346354171874999 0.4853515625 0.8359375 0.486328125 0.8346354171874999 0.490234375 0.83203125 0.490234375 0.8294270828125001 0.4921875 0.8268229171874999 0.4912109375 0.8255208328125001
0 0.326171875 0.76171875 0.326171875 0.7721354171875 0.3271484375 0.7734375 0.3291015625 0.7734375 0.330078125 0.7721354171875 0.330078125 0.76171875 0.3291015625 0.7604166671875 0.3271484375 0.7604166671875 0.326171875 0.76171875
1 0.3251953125 0.8932291671874999 0.3232421875 0.8958333328125001 0.3212890625 0.8958333328125001 0.3203125 0.8971354171874999 0.3203125 0.90234375 0.3212890625 0.9036458328125001 0.3291015625 0.9036458328125001 0.330078125 0.90234375 0.330078125 0.8971354171874999 0.3291015625 0.8958333328125001 0.3271484375 0.8958333328125001 0.3251953125 0.8932291671874999
1 0.34765625 0.83984375 0.349609375 0.8372395828125001 0.349609375 0.8346354171874999 0.3486328125 0.8333333328125001 0.3427734375 0.8333333328125001 0.337890625 0.83984375 0.337890625 0.8424479171874999 0.3359375 0.8450520828125001 0.3388671875 0.8489583328125001 0.3408203125 0.8489583328125001 0.341796875 0.84765625 0.3427734375 0.8463541671874999 0.3447265625 0.8463541671874999 0.34765625 0.8424479171874999 0.34765625 0.83984375
