1 0.4823896953125 0.4697483328125 0.48618222343750006 0.46875821562500003 0.48681515937500003 0.4672496671875 0.48555438281249996 0.4622055828125 0.481764403125 0.45916510781250003 0.477971875 0.46015522343750004 0.475445221875 0.45812824062499996 0.47354895781249995 0.4586232984375 0.47291602031249996 0.460131846875 0.47354640937500003 0.46265389062500006 0.48112636875000003 0.468734840625 0.4823896953125 0.4697483328125
1 0.5903493140625 0.6430595953125 0.592245578125 0.6425645375 0.592878515625 0.6410559890624999 0.59098735 0.6334898640625 0.5871973703125 0.6304493875 0.5834048421875 0.6314395046875 0.582771903125 0.632948053125 0.58403268125 0.6379921359375 0.5890859875000001 0.6420461046875 0.5903493140625 0.6430595953125
1 0.6415433453125 0.6377542140625 0.6453358734375 0.6367640984375 0.6459688109374999 0.6352555484375 0.645338421875 0.6327335078125 0.646604296875 0.6297164078125 0.6453435187500001 0.6246723249999999 0.6415535390625 0.62163185 0.639657275 0.6221269078125 0.6377584625 0.62665255625 0.64028001875 0.6367407234375 0.6415433453125 0.6377542140625
0 0.5214483249999999 0.6664208203124999 0.5233445875 0.6659257625 0.5239775265625 0.6644172125 0.5227167484375 0.65937313125 0.5201900953124999 0.6573461468749999 0.51955970625 0.6548241046875 0.5182963796875 0.6538106140625 0.5163975671875 0.6583362625 0.51702795625 0.66085830625 0.519554609375 0.6628852875 0.5201849984375 0.6654073296874999 0.5214483249999999 0.6664208203124999
0 0.48922203125 0.6587144406250001 0.49111829531250006 0.65821938125 0.49175123281250005 0.6567108328125 0.49049045468749997 0.65166675 0.49175632968749994 0.6486496500000001 0.48796635000000005 0.6456091749999999 0.4860675375 0.6501348250000001 0.48795870468749997 0.6577009484375 0.48922203125 0.6587144406250001
0 0.5012452953125 0.6340825859375 0.5088303515625 0.6321023546875 0.5094632875 0.63059380625 0.505673309375 0.62755333125 0.49998451718750003 0.6290385046875 0.4993515796875 0.630547053125 0.49998196874999995 0.633069096875 0.5012452953125 0.6340825859375
1 0.6781160984375 0.767910259375 0.6800123625000001 0.767415203125 0.681911175 0.7628895531250001 0.6812807859375 0.7603675109375 0.6787541328125 0.7583405265625001 0.6774933546875 0.7532964453125001 0.673703375 0.75025596875 0.669910846875 0.751246084375 0.6692779109375 0.752754634375 0.6711690765625 0.760320759375 0.6768527718749999 0.7668967671875 0.6781160984375 0.767910259375
1 0.6022757328125 0.7715902125 0.6060682609375 0.7706000953125 0.6067011984375 0.7690915453125 0.606070809375 0.7665695046875001 0.5997541765625 0.76150204375 0.59596165 0.762492159375 0.5953287109375001 0.7640007093750001 0.5959591 0.7665227515625 0.60101240625 0.77057671875 0.6022757328125 0.7715902125
1 0.74953864375 0.7546372 0.753331171875 0.753647084375 0.753964109375 0.7521385359375 0.75270333125 0.7470944515625 0.7463867 0.7420269937499999 0.7444904359375 0.7425220515625 0.7419637812500001 0.740495065625 0.74006751875 0.7409901249999999 0.7381687046875001 0.745515775 0.740695359375 0.7475427578125 0.7413257484375 0.7500648 0.745115728125 0.7531052734375 0.747011990625 0.7526102171875 0.7482753171875001 0.753623709375 0.74953864375 0.7546372
1 0.77668105 0.8066567093750001 0.780473578125 0.80566659375 0.7823723890625 0.8011409453124999 0.7817420015625001 0.7986189031250001 0.780478675 0.7976054109375 0.7728936187500001 0.79958564375 0.7722606812499999 0.8010941921875 0.7728910703125 0.803616234375 0.7754177234374999 0.8056432171875001 0.77668105 0.8066567093750001
