1 0.4194693614535928 0.460836235751042 0.01471747146395277 0.014389808320625086
1 0.4364064584342742 0.522882294071667 0.013082196856846907 0.012790940729444422
1 0.3491226282028158 0.49197582655673633 0.00959332382131759 0.004905705547083273
1 0.48264575764848583 0.5270801380114933 0.006759422249741043 0.0110829703647223
1 0.49611325227180236 0.5984102773541671 0.012863873035529317 0.008103440729444421
1 0.525815714844415 0.5491558129733685 0.008467471463952592 0.014244337955902787
1 0.5412951656302033 0.5463944888851741 0.014644696856846906 0.012827308320624908
1 0.4805524106678045 0.4653795718070837 0.00824914764263518 0.009556837955902786
1 0.49105110897239346 0.42270176253652814 0.00668664764263518 0.0095204703647223
1 0.49110461290133484 0.40709494633211846 0.006541098428423453 0.0063954703647222996
1 0.5299017473094036 0.5195955995425005 0.004905823821317412 0.004796602773541636
