1 0.40017119182478283 0.45234375 0.017787700725639465 0.0171875
1 0.43716524953666386 0.52734375 0.016170637023308565 0.015625
1 0.49107149953666385 0.52734375 0.011374009618646852 0.0125
1 0.5237872850160263 0.6140625 0.017569445916315908 0.0109375
1 0.48446185707105976 0.3828125 0.008085318511654194 0.0078125
1 0.48656999409436824 0.3984375 0.00970238221398514 0.009375
1 0.43727932222466936 0.41875 0.012827382213985139 0.009375
1 0.5247024550716267 0.55078125 0.004905754809323426 0.00625
1 0.5610119773041452 0.5390625 0.017569445916316085 0.0109375
1 0.56888688125 0.54922293125 0.5705658062500001 0.5472641031250001 0.571873659375 0.5448965218749999 0.57606176875 0.5437975671874999 0.576684121875 0.540294025 0.5712697015625 0.5408038296875 0.56685534375 0.5431768359375 0.5628119890625001 0.5459585812500001 0.562673865625 0.54923383125 0.5669501 0.550136075 0.56888688125 0.54922293125
1 0.3157727671875 0.4957776625 0.311414959375 0.49783216093749993 0.314392 0.499055084375 0.3184632328125 0.5001123515625 0.3221094 0.4997180640625 0.323266309375 0.498548315625 0.321092925 0.49729669374999996 0.3157727671875 0.4957776625
1 0.3302034322061359 0.43984375 0.00797619110699257 0.0046875
