1 0.5830105121715693 0.5350905940367356 0.017432961850553142 0.014462543502986236
1 0.6380468396882792 0.46425011075423567 0.014389782467404012 0.01907730832062491
1 0.6052519305976697 0.421245646373437 0.012636367694751627 0.0081034407294446
1 0.5491967995102375 0.3889429458603468 0.00805796185055314 0.014244337955902787
1 0.5574769038123085 0.3707741741088537 0.009484094155801514 0.006468205547083361
1 0.47948213757695884 0.603933472645833 0.01899546185055314 0.014498911094166723
1 0.5288451635515411 0.5215015259324648 0.011128414772652384 0.011192073138263935
1 0.4390014135515411 0.5235926624253469 0.012718188311602674 0.012790940729444422
1 0.5031866444768176 0.529132841186944 0.006359094155801337 0.0063954703647222996
1 0.4554485738599666 0.525554552717951 0.014226141233702094 0.009702308320624908
1 0.7157821018631438 0.5296555987863882 0.012609094155801337 0.006540940729444422
1 0.713115023535655 0.46641071637756887 0.011046594155801514 0.006504573138263936
