3 0.50703125 0.56553435259906 0.04375 0.05127299498543501
0 0.5546875 0.5684835078510517 0.015625 0.019204641066226814
0 0.52734375 0.48956288598515485 0.0375 0.035466138558944496
0 0.7265625 0.7516095595795467 0.021875 0.028761497492717503
0 0.6578125 0.7371091388881488 0.015625 0.005142141066226813
0 0.6046875 0.7949383592629776 0.040625 0.03243206677218975
0 0.6875 0.8457854569139798 0.040625 0.03399456677218993
0 0.8234375 0.6833345841901529 0.03125 0.03215928213245363
0 0.59296875 0.8383473784633075 0.0359375 0.029170674452321778
0 0.5890625 0.8804212181967508 0.053125 0.02810827962517095
