1 0.5528806859375 0.5460401187499999 0.5586969578125001 0.54668665625 0.5598326734375 0.545499925 0.5618287296875 0.5299660796875 0.5610256890625 0.5285638359375 0.55520941875 0.5279172984375 0.5540737015625 0.529104028125 0.553741025 0.531693003125 0.55146959375 0.534066465625 0.5511369187499999 0.5366554390625 0.5488654859375 0.5390289015625 0.552077646875 0.544637875 0.5528806859375 0.5460401187499999
1 0.5912196640625 0.4925308859375 0.5950971765624999 0.49296190937500006 0.5985043250000001 0.48940171718750003 0.5991696765625 0.48422377031249997 0.59676055625 0.48001703906250004 0.5948218 0.47980152656249997 0.5914146515625001 0.48336171875 0.5904166234375 0.49112864062500006 0.5912196640625 0.4925308859375
1 0.53243779375 0.5674012734375 0.5401928203125 0.5682633234375001 0.5424642515625 0.5658898625 0.5444030093750001 0.566105375 0.545538725 0.56491864375 0.5458714015624999 0.56232966875 0.54346228125 0.558122940625 0.5357072546875 0.5572608890625 0.5323001046875 0.5608210828125 0.531634753125 0.5659990296874999 0.53243779375 0.5674012734375
1 0.4800340671875 0.57733179375 0.48391158125 0.57776281875 0.48504729687500003 0.5765760875 0.48704335312499997 0.5610422421875 0.48463423125 0.5568355109375001 0.48269547343749997 0.5566199984375 0.48108939375000004 0.5538155125 0.4791506375 0.5536 0.478014921875 0.55478673125 0.47668421875 0.565142628125 0.478290296875 0.5679471125 0.4776249453125 0.5731250625000001 0.4792310265625 0.57592955 0.4800340671875 0.57733179375
0 0.6279063781249999 0.360059346875 0.6317838921875001 0.3604903734375 0.632919609375 0.3593036421875 0.6332522843749999 0.3567146671875 0.6355237171875 0.35434120625 0.63618906875 0.34916325625 0.635386028125 0.3477610140625 0.6334472718749999 0.3475455015625 0.627768690625 0.35347915625000004 0.6271033390625 0.3586571046875 0.6279063781249999 0.360059346875
0 0.6397569953125 0.390262165625 0.6420284281249999 0.38788870468750003 0.643967184375 0.38810421562499997 0.6451029015625 0.3869174859375 0.6454355781250001 0.3843285109375 0.647707009375 0.3819550484375 0.6452978890625001 0.37774831875000003 0.6414203765625001 0.37731729375 0.6380132281249999 0.38087748593750004 0.637347875 0.3860554359375 0.6389539546874999 0.388859921875 0.6397569953125 0.390262165625
0 0.6058574046875 0.37861601718750004 0.60973491875 0.37904704218749996 0.6154135000000001 0.3731133875 0.616411528125 0.36534646406250004 0.6156084875000001 0.36394422187500003 0.6117309734374999 0.363513196875 0.609459540625 0.3658866578125 0.607520784375 0.36567114375 0.6041136375 0.3692313375 0.6037809609375 0.3718203125 0.6053870406249999 0.3746247984375 0.6050543640625 0.377213771875 0.6058574046875 0.37861601718750004
1 0.6130283203125 0.6288788249999999 0.6149670781250001 0.6290943375 0.6172385109375 0.626720875 0.6191772671875 0.6269363875 0.620312984375 0.62574965625 0.6209783359375 0.620571709375 0.6201752953125 0.6191694640625001 0.6143590265625 0.6185229265625 0.6109518765625 0.6220831203125 0.6106192015625 0.6246720953125 0.61222528125 0.62747658125 0.6130283203125 0.6288788249999999
1 0.8894777390625 0.34449444375 0.893355253125 0.34492546874999996 0.8944909703124999 0.3437387390625 0.8948236453125 0.34114976406249997 0.897095078125 0.3387763015625 0.8977604296875 0.333598353125 0.8953513093750001 0.32939162187500004 0.8896727265625 0.3353252765625 0.8886746984375 0.34309219999999996 0.8894777390625 0.34449444375
1 0.83435530625 0.3908861140625 0.8362940625 0.39110162656249997 0.8397012109374999 0.387541434375 0.8403665640625 0.38236348593749997 0.842637996875 0.379990025 0.842970671875 0.37740105156250003 0.84056155 0.3731943203125 0.8386227937499999 0.3729788078125 0.8352156468749999 0.376539 0.833552265625 0.3894838703125 0.83435530625 0.3908861140625
