1 0.442300909375 0.5637208140625 0.44305571875 0.555723690625 0.4412257390625 0.5531723453125 0.4376786703125 0.5575449359375 0.436768234375 0.5644335671875 0.442300909375 0.5637208140625
1 0.438361884375 0.5704353375 0.4389455015625 0.5745922390625 0.44187760000000004 0.5767537421875 0.44284718749999996 0.5729610390625 0.4436611109375 0.5680598046875 0.44319421875 0.5647342921875 0.4399657203125 0.5642611875 0.438361884375 0.5704353375
1 0.417520684375 0.68798876875 0.4179274015625 0.6846447515625 0.41801727031249997 0.68216445625 0.41760873906249996 0.67925461875 0.41575444843750003 0.6779965359375 0.41395103125 0.6797258265624999 0.41386114531249996 0.6822061234375 0.4135788140625 0.6848757937500001 0.41336455625 0.688030440625 0.4141353125 0.6903998625 0.4161171453125 0.690473721875 0.4177703421875 0.689766996875 0.417520684375 0.68798876875
0 0.44820072031249997 0.42459694687500005 0.44890159062499996 0.4202275484375 0.4490930125 0.41570660625 0.44541363125 0.4203477203125 0.445437240625 0.4236363015625 0.44820072031249997 0.42459694687500005
0 0.3642267453125 0.45681054843749996 0.36803241875000003 0.4589535734375 0.37190529843750003 0.4584546453125 0.37455438124999996 0.4554800796875 0.3741754390625 0.45167558750000003 0.368212190625 0.45399297968749996 0.3642267453125 0.45681054843749996
0 0.4726944140625 0.3806253828125 0.47113291874999996 0.385105659375 0.4742595359375 0.38865281406249996 0.4782685953125 0.3891238328125 0.48085780468749995 0.38447440781250003 0.47808519374999997 0.3815767203125 0.4726944140625 0.3806253828125
0 0.22634105624999998 0.704156903125 0.23159567499999997 0.7041382859375 0.2322293546875 0.7024108390625 0.2279479421875 0.69999993125 0.222617309375 0.6986010484375 0.221335196875 0.7028268203125 0.22634105624999998 0.704156903125
0 0.2426459515625 0.7485205968749999 0.2484216703125 0.7490931890625 0.2545823203125 0.74928700625 0.2585005921875 0.7491113875 0.2526794671875 0.7482154921874999 0.25002855625 0.744936215625 0.2456753765625 0.7457985546875 0.2426459515625 0.7485205968749999
1 0.37654645625 0.251334 0.375868290625 0.255865065625 0.37727909375 0.25889263906250004 0.379215525 0.258643175 0.381813784375 0.25608660156249996 0.3813712125 0.2529342953125 0.378758565625 0.24751415312499997 0.37654645625 0.251334
1 0.30200727031249996 0.30784223437499997 0.297675471875 0.3074127921875 0.29495736875 0.306775465625 0.290975715625 0.306934809375 0.2872456875 0.30801581875 0.2882315984375 0.310357525 0.2915951671875 0.3109116796875 0.2959610109375 0.3115836046875 0.3011248390625 0.3109183671875 0.3038933234375 0.30957424218749996 0.3047253484375 0.3084795640625 0.30200727031249996 0.30784223437499997
0 0.40045636562500003 0.2648334078125 0.39700836875 0.2660182125 0.39277870312499996 0.2663162375 0.3900102453125 0.267660378125 0.3978921484375 0.26763246406249996 0.402614771875 0.268505303125 0.4038853484375 0.2655574375 0.40045636562500003 0.2648334078125
