1 0.46373728437499995 0.5415334406250001 0.46756762343749997 0.540876975 0.4682693109375 0.5394281999999999 0.4672457171875 0.53428955625 0.46360526718750006 0.5309279234375001 0.46169009687499996 0.53125615625 0.45926313125 0.5290150687499999 0.45543279062500003 0.529671534375 0.45473110625 0.5311203109375 0.4552429015625 0.5336896328125 0.46252380000000004 0.540412896875 0.46373728437499995 0.5415334406250001
1 0.5667260046875 0.72050329375 0.5674276921875 0.7190545187499999 0.5653805046875 0.70877723125 0.56174005625 0.7054156 0.5579097171875 0.706072065625 0.5572080296874999 0.70752084375 0.558231621875 0.7126594859375001 0.565512521875 0.7193827500000001 0.5667260046875 0.72050329375
1 0.617544009375 0.7171078828125 0.6196490703124999 0.7127615515625 0.6186254765625 0.707622909375 0.62002885 0.70472535625 0.6163884000000001 0.701363721875 0.6125580609375 0.7020201875 0.6118563734375 0.703468965625 0.613903559375 0.71374625 0.6163305265625 0.7159873375 0.617544009375 0.7171078828125
0 0.4768287765625 0.7066830078125 0.48257428437499994 0.705698309375 0.48327597187500004 0.7042495328125 0.48276417499999996 0.7016802109375 0.4815506921875 0.7005596671875 0.47580518281249995 0.701544365625 0.4751034953125 0.7029931421875 0.47561529374999995 0.7055624640625 0.4768287765625 0.7066830078125
0 0.495484946875 0.74068410625 0.4974001171875 0.740355875 0.49810180312499996 0.738907096875 0.49707821093750004 0.73376845625 0.49465124375 0.7315273671875 0.49413944687500005 0.7289580453125 0.4929259640625 0.7278375015625 0.4910107953125 0.728165734375 0.4903091078125 0.7296145109375 0.4913327015625 0.7347531546875 0.49375966718750003 0.736994240625 0.4942714625 0.7395635640625 0.495484946875 0.74068410625
0 0.463686621875 0.7301916734375 0.46560179062499996 0.729863440625 0.46770685156249997 0.7255171093749999 0.4666832578125 0.7203784671875 0.46546977500000003 0.7192579234375 0.46163943593749995 0.7199143890624999 0.46093775 0.7213631656249999 0.4624731390625 0.7290711296875 0.463686621875 0.7301916734375
1 0.649391146875 0.8471585671874999 0.650092834375 0.8457097906250001 0.6480456484375 0.8354325046875 0.64197823125 0.829829784375 0.6400630609375 0.8301580171875 0.6393613765625 0.83160679375 0.640896765625 0.8393147578125 0.6481776640625 0.846038021875 0.649391146875 0.8471585671874999
0 0.5745675125 0.8493541312499999 0.5752691999999999 0.8479053546875001 0.57424560625 0.8427667109374999 0.5706051578125 0.839405078125 0.56677481875 0.8400615453125001 0.56607313125 0.841510321875 0.568500096875 0.843751409375 0.5690118953125001 0.84632073125 0.5733540296874999 0.8482335875 0.5745675125 0.8493541312499999
0 0.71549796875 0.7614317921875 0.7174131375 0.7611035578124999 0.718114825 0.7596547828125 0.7160676375 0.7493774984375 0.7148541546875 0.7482569531250001 0.712938984375 0.7485851859375 0.7122372984374999 0.7500339625 0.714284484375 0.7603112484375 0.71549796875 0.7614317921875
1 0.7410878000000001 0.889897853125 0.748748478125 0.8885849203125 0.7494501640625 0.8871361453125 0.7484265734375 0.8819975031249999 0.7472130875 0.8808769578125 0.7452979187500001 0.881205190625 0.742870953125 0.878964103125 0.7414675796875 0.8818616562500001 0.739552409375 0.8821898890625001 0.7388507234375 0.8836386671875 0.7398743171875 0.8887773093750001 0.7410878000000001 0.889897853125
1 0.718849053125 0.8379115031250001 0.720764221875 0.837583271875 0.72286928125 0.8332369390625001 0.7204423156249999 0.830995853125 0.71993051875 0.8284265312500001 0.7138631015625 0.8228238093750001 0.70811759375 0.8238085093749999 0.70741590625 0.8252572859375 0.7079277046875 0.8278266078125001 0.7103546703125 0.8300676953125 0.7108664671875 0.8326370171875 0.714506915625 0.83599865 0.7164220859375 0.8356704171875 0.7176355703125 0.8367909593749999 0.718849053125 0.8379115031250001
