1 0.27342942062489095 0.5487265601724665 0.01750574874635875 0.011738020678164495
1 0.34087768190766204 0.45356391749223 0.02255696159934022 0.024456344499482086
1 0.4279434243858146 0.5231551335794993 0.022329641066226813 0.016643844499482086
1 0.487122196093427 0.4923632059530748 0.016034176959604095 0.014790246071058633
1 0.5701931088672663 0.4782878974332382 0.01768760517284953 0.017988020678164317
1 0.5722306334778724 0.5751265101296852 0.019204641066226814 0.01649829528527036
1 0.5863947703874641 0.4720207808078497 0.02081260517284953 0.018133569892376043
1 0.3941581431112909 0.32731394065159386 0.014471676959604185 0.01471747146395277
1 0.43293949828414036 0.34628441852568737 0.01438074874635884 0.011592471463952769
1 0.33320392273646204 0.37752795636735953 0.01598871285298138 0.013227746071058633
