1 0.3654346328125 0.2659830734375 0.3638456140625 0.2790092 0.36628075 0.2830023171875 0.367410265625 0.2817281296875 0.3719283265625 0.2766313875 0.3741529515625 0.2583948125 0.371717815625 0.25440169375 0.3705883 0.25567588125 0.3702704984375 0.2582811046875 0.3680114671875 0.260829478125 0.36769366406250004 0.263434703125 0.3654346328125 0.2659830734375
1 0.3412553078125 0.3044929171875 0.339666290625 0.3175190421875 0.3412897125 0.3201811203125 0.340971909375 0.3227863453125 0.3417836203125 0.324117384375 0.3437248484375 0.32417423749999996 0.3448543625 0.3229000515625 0.34711339375 0.3203516796875 0.3493380203125 0.3021151046875 0.347714596875 0.2994530265625 0.3480324 0.2968478015625 0.3455972640625 0.292854684375 0.34446775 0.2941288703125 0.3435143390625 0.3019445453125 0.3412553078125 0.3044929171875
1 0.35720614375 0.3494071296875 0.3565705359375 0.354617578125 0.35431150625 0.35716595 0.35593492968749996 0.35982802812500003 0.3556171265625 0.36243325312499997 0.3564288375 0.3637642921875 0.3583700640625 0.3638211453125 0.3594995796875 0.36254695937500003 0.3617586109375 0.35999858749999997 0.36239421875 0.3547881390625 0.36465325000000004 0.352239765625 0.365606659375 0.344424090625 0.36317152343750003 0.340430971875 0.3597829796875 0.34425353125 0.359465175 0.34685875625 0.35720614375 0.3494071296875
0 0.3885106921875 0.388234675 0.3896402078125 0.38696048906249997 0.3899580125 0.3843552640625 0.39221704218750003 0.38180689375 0.3944416671875 0.3635703171875 0.39200653281250003 0.35957720000000004 0.38861798593749997 0.3633997578125 0.385757753125 0.3868467828125 0.386569465625 0.388177821875 0.3885106921875 0.388234675
0 0.31128262812499996 0.43041993281249996 0.3101531140625 0.43169411718750006 0.30951750625 0.4369045671875 0.3103292171875 0.43823560625 0.3161528984375 0.43840616718750003 0.3172824140625 0.43713197968750006 0.3256829296875 0.43214894375 0.3263185375 0.42693849375 0.32550682656249996 0.42560745312500003 0.3216243703125 0.42549374687499997 0.3193653421875 0.42804211875 0.31548288593749996 0.4279284125 0.31322385625 0.430476784375 0.31128262812499996 0.43041993281249996
1 0.3113088796875 0.5899071890625 0.30792033281250003 0.5937297484374999 0.307602528125 0.5963349734375 0.3100376640625 0.6003280906249999 0.3158613453125 0.60049865 0.3169908609375 0.599224465625 0.323767953125 0.5915793484375 0.32408575625 0.5889741234375 0.3263447875 0.5864257515625 0.32666259062499997 0.583820528125 0.32585087968750004 0.5824894875 0.3200271984375 0.5823189281250001 0.31325010625 0.5899640421875 0.3113088796875 0.5899071890625
1 0.2677516875 0.643536703125 0.27163414218750004 0.6436504109375 0.2727636578125 0.642376225 0.2750226890625 0.639827853125 0.276293903125 0.6294069546875 0.27061192031250003 0.6200896796875 0.26722337500000004 0.6239122359375 0.2656343578125 0.6369383625 0.26725777968750003 0.6396004390625001 0.2669399765625 0.6422056656249999 0.2677516875 0.643536703125
1 0.302410378125 0.662853490625 0.3007869546875 0.6601914125 0.295139378125 0.6665623421875 0.2991979359375 0.6732175375 0.30113916406249996 0.6732743921875 0.30438600937500004 0.678598546875 0.3063272359375 0.6786554015624999 0.3074567515625 0.677381215625 0.30858626718750004 0.676107028125 0.312468721875 0.676220734375 0.31359823750000004 0.67494655 0.3142338453125 0.6697361 0.311798709375 0.6657429828125 0.30985748125 0.6656861296875001 0.30823405937500004 0.66302405 0.302410378125 0.662853490625
0 0.42579871562499993 0.7213723828124999 0.42692823124999996 0.720098196875 0.431764096875 0.712396228125 0.43239970312500003 0.7071857765625 0.4315879921875 0.7058547390625 0.42770553749999995 0.7057410328125 0.4220579625 0.7121119625000001 0.42110455 0.7199276375 0.4219162609375 0.721258675 0.42579871562499993 0.7213723828124999
0 0.4337700578125 0.8157290156249999 0.4318288296875 0.8156721625 0.43069931562499997 0.8169463468749999 0.4303815109375 0.8195515734375001 0.42812247968749995 0.8220999453125 0.4305576140625 0.8260930625 0.4324988421875 0.8261499171875 0.43362835625 0.8248757296875 0.43475787187500003 0.82360154375 0.43669909999999995 0.8236583968750001 0.437828615625 0.8223842124999999 0.43814641875 0.8197789875 0.44040545 0.8172306140625001 0.440723253125 0.814625390625 0.4382881171875 0.8106322734375 0.4337700578125 0.8157290156249999
