3 0.4863991741088537 0.539161804617812 0.04967399810013902 0.05425239532659738
0 0.43856108615295086 0.5480835161488191 0.017660278685347208 0.02071254350298606
0 0.45840276709874955 0.4671965388502427 0.04149782218833344 0.03844555737069442
0 0.2855230858686105 0.749194687310972 0.025690984232430658 0.030269381458888845
0 0.352420298349548 0.7265553146857984 0.015770470364722212 0.006613675911805572
0 0.412121300249409 0.7782619786297567 0.04298758700597229 0.03535692496187508
0 0.33421319937572846 0.8378564905976038 0.044622822188333355 0.03851829255305574
0 0.18219937053788135 0.6930375659200693 0.03517508700597225 0.03517508700597229
0 0.42754562528753404 0.8200676189223607 0.03982621941479163 0.03372168977951375
0 0.4359750679168396 0.8604744133752774 0.05545121941479181 0.03408536569131968
