1 0.547485003125 0.5138094343749999 0.5485290093749999 0.5150942765625001 0.5524322828125 0.5150261031250001 0.553339915625 0.513707175 0.5587857015625 0.5057936046875 0.558649328125 0.503189834375 0.557605321875 0.5019049921875001 0.553702046875 0.501973165625 0.5518867843749999 0.504611021875 0.549935146875 0.5046451078125 0.547212253125 0.50860189375 0.547485003125 0.5138094343749999
1 0.4970759734375 0.70754510625 0.5025217609375 0.6996315359375 0.5022490109375 0.6944239953125 0.50120500625 0.693139153125 0.49730172968749997 0.6932073265625001 0.49457883750000003 0.6971641125 0.495124334375 0.7075791921875 0.49616834218749994 0.708864034375 0.4970759734375 0.70754510625
1 0.4456985234375 0.7149578296875 0.44660615468750003 0.7136389000000001 0.4484214171875 0.7110010453125 0.44787591875 0.7005859640625001 0.4468319125 0.6993011234375001 0.4429286390625 0.6993692968749999 0.44020574375 0.70332608125 0.44229375624999995 0.7058957640625 0.44256650625000005 0.7111033046874999 0.4456985234375 0.7149578296875
0 0.5814478875 0.6774038203125 0.5813115140625 0.6748000484375 0.5802675078124999 0.6735152078125 0.574412596875 0.6736174687500001 0.573504965625 0.674936396875 0.5736413390624999 0.6775401671875 0.5746853453125 0.6788250078125 0.58054025625 0.678722746875 0.5814478875 0.6774038203125
0 0.5674712875 0.7089217546875 0.567744034375 0.71412929375 0.5687880421875 0.715414134375 0.570739678125 0.7153800484375 0.5716473109375 0.7140611203125 0.571510934375 0.71145735 0.573326196875 0.70881949375 0.5730534484375001 0.703611953125 0.5720094421875 0.7023271109375 0.57005780625 0.7023611984375 0.569150175 0.7036801265625 0.5692865484375 0.706283896875 0.5674712875 0.7089217546875
0 0.6001036203125001 0.6979271984375 0.599694496875 0.6901158890625 0.5986504906250001 0.6888310484375 0.594747215625 0.6888992218750001 0.5938395843750001 0.6902181484375001 0.594112334375 0.6954256890625 0.5972443515625 0.6992802140625 0.5991959890625 0.6992461265625 0.6001036203125001 0.6979271984375
1 0.4477063484375 0.8465334328124999 0.45315213749999994 0.8386198625000001 0.45274301250000004 0.8308085515625001 0.45169900781249994 0.8295237109375 0.4497473703125 0.8295577984375001 0.4452092125 0.836152440625 0.4457547125 0.84656751875 0.4467987171875 0.8478523625 0.4477063484375 0.8465334328124999
0 0.5204154328125 0.8361419859374999 0.5213230640625001 0.8348230578125 0.5250899640625 0.8321511140625001 0.5249535890625 0.82954734375 0.5267688515625 0.8269094875 0.525724846875 0.8256246453125 0.5218215703125 0.82569281875 0.519098678125 0.8296496031249999 0.5193714265625 0.8348571437500001 0.5204154328125 0.8361419859374999
0 0.3619190984375 0.775059515625 0.3613735984375 0.764644434375 0.36032959375 0.76335959375 0.35837795625 0.7633936796875 0.35747032500000003 0.7647126078125 0.358015821875 0.7751276890625001 0.3590598296875 0.7764125296875 0.36101146562499997 0.77637844375 0.3619190984375 0.775059515625
1 0.35897964375 0.90541845 0.3600236484375 0.9067032921875 0.3678301984375 0.9065669453125 0.3687378296875 0.9052480171875 0.36846507968750003 0.9000404765625 0.367421075 0.8987556343750001 0.36546943593750003 0.898789721875 0.363381425 0.8962200390625 0.3615661625 0.8988578953124999 0.359614525 0.89889198125 0.35870689375000003 0.9002109109375 0.35897964375 0.90541845
1 0.37780954375000003 0.8360265468750001 0.3732713859375 0.8426211890624999 0.3734077609375 0.8452249593750001 0.3715924984375 0.847862815625 0.3747245171875 0.851717340625 0.37667615312499997 0.8516832531249999 0.377583784375 0.8503643249999999 0.378491415625 0.849045396875 0.380443053125 0.8490113109375 0.383165946875 0.8450545249999999 0.383029571875 0.8424507546875001 0.384844834375 0.8398128984375001 0.3847084609375 0.837209128125 0.3836644546875 0.8359242859375 0.37780954375000003 0.8360265468750001
