0 0.3525390625 0.4895833328125 0.3505859375 0.4869791671875 0.3466796875 0.4869791671875 0.345703125 0.48828125 0.345703125 0.4934895828125 0.3486328125 0.4973958328125 0.3505859375 0.4973958328125 0.3564453125 0.5026041671875 0.357421875 0.5013020828125 0.359375 0.4986979171875 0.359375 0.49609375 0.3544921875 0.4895833328125 0.3525390625 0.4895833328125
1 0.3896484375 0.4869791671875 0.38671875 0.4908854171875 0.3896484375 0.4947916671875 0.3935546875 0.4947916671875 0.39453125 0.4934895828125 0.396484375 0.4908854171875 0.396484375 0.48828125 0.3955078125 0.4869791671875 0.3896484375 0.4869791671875
0 0.4580078125 0.328125 0.453125 0.3346354171875 0.4541015625 0.3359375 0.4638671875 0.3359375 0.46484375 0.3346354171875 0.466796875 0.33203125 0.466796875 0.3294270828125 0.4658203125 0.328125 0.4580078125 0.328125
0 0.552734375 0.3893229171875 0.552734375 0.3919270828125 0.5537109375 0.3932291671875 0.5556640625 0.3932291671875 0.5576171875 0.3958333328125 0.5634765625 0.3958333328125 0.564453125 0.39453125 0.56640625 0.3919270828125 0.5634765625 0.3880208328125 0.5537109375 0.3880208328125 0.552734375 0.3893229171875
0 0.5986328125 0.484375 0.595703125 0.48828125 0.5966796875 0.4895833328125 0.5986328125 0.4895833328125 0.6005859375 0.4921875 0.6044921875 0.4921875 0.60546875 0.4908854171875 0.607421875 0.48828125 0.607421875 0.4856770828125 0.6064453125 0.484375 0.5986328125 0.484375
1 0.6630859375 0.4296875 0.6611328125 0.4296875 0.658203125 0.43359375 0.6591796875 0.4348958328125 0.6708984375 0.4348958328125 0.671875 0.43359375 0.671875 0.4283854171875 0.6708984375 0.4270833328125 0.6650390625 0.4270833328125 0.6630859375 0.4296875
1 0.6865234375 0.4010416671875 0.6826171875 0.4010416671875 0.6796875 0.4049479171875 0.6826171875 0.4088541671875 0.6884765625 0.4088541671875 0.689453125 0.4075520828125 0.69140625 0.4049479171875 0.6904296875 0.4036458328125 0.6884765625 0.4036458328125 0.6865234375 0.4010416671875
1 0.587890625 0.33203125 0.5908203125 0.3359375 0.5927734375 0.3359375 0.5947265625 0.3385416671875 0.6025390625 0.3385416671875 0.603515625 0.3372395828125 0.5947265625 0.3255208328125 0.5888671875 0.3255208328125 0.587890625 0.3268229171875 0.587890625 0.33203125
0 0.5966796875 0.2604166671875 0.5908203125 0.2604166671875 0.58984375 0.26171875 0.58984375 0.2669270828125 0.5927734375 0.2708333328125 0.6005859375 0.2708333328125 0.6015625 0.26953125 0.6015625 0.2643229171875 0.6005859375 0.2630208328125 0.5986328125 0.2630208328125 0.5966796875 0.2604166671875
0 0.3505859375 0.140625 0.3447265625 0.140625 0.34375 0.1419270828125 0.34375 0.1471354171875 0.3447265625 0.1484375 0.3466796875 0.1484375 0.3486328125 0.1510416671875 0.3544921875 0.1510416671875 0.35546875 0.1497395828125 0.35546875 0.14453125 0.3544921875 0.1432291671875 0.3525390625 0.1432291671875 0.3505859375 0.140625
