1 0.3689707735422456 0.46651036588709827 0.015870461850553054 0.014608137023308565
1 0.41782528490633136 0.5303893274125109 0.014280688311602674 0.01299107332097762
1 0.47038722321793414 0.5160614433844273 0.009565914772652206 0.011264882213985139
1 0.5166934330398922 0.5917410004633361 0.015788641233702095 0.009920637023308565
1 0.43924809172346463 0.3766095629845406 0.007948867694751626 0.008085318511654283
1 0.44367649310343643 0.39128962187754807 0.007976141233702095 0.009647818511654282
1 0.3993810223244296 0.4240674055428121 0.012636367694751715 0.008249009618646852
1 0.5068332378284307 0.5304041963796522 0.004796594155801337 0.006413691106992659
1 0.54076790706531 0.5096998267795387 0.015761367694751626 0.008358137023308565
1 0.55013681875 0.5172411828125 0.5514388984374999 0.514895428125 0.5523069296875 0.5122470125 0.5562131640625 0.510090296875 0.5562131640625 0.5065112109375 0.55100485 0.5084107640625 0.5470986796874999 0.5118689875 0.5436264921875 0.515629875 0.5440605406250001 0.51886084375 0.548400759375 0.518633590625 0.55013681875 0.5172411828125
1 0.293228396875 0.53065289375 0.28932220000000003 0.5337857484375 0.29244715 0.534207796875 0.29661375625 0.5341848671875 0.30011226875 0.53285594375 0.301040790625 0.531415175 0.29869706875 0.530757 0.293228396875 0.53065289375
1 0.29782247646434495 0.4721180143431523 0.007894320616851047 0.004960318511654194
