1 0.729997107746639 0.5029617401885303 0.015806856426490868 0.006886669961943781
1 0.6384748489711504 0.4225792204168669 0.019295569279472246 0.019514003954332716
1 0.5703720551602143 0.5050614565767024 0.019113712852981378 0.013264003954332715
1 0.5044431782797524 0.4859493592384408 0.01286371285298138 0.013009335969555202
1 0.4191732680131956 0.4863857579458465 0.014426212852981379 0.013073002965749581
1 0.4422494036691461 0.5804050133830538 0.017505748746358664 0.011637836958138336
1 0.4012727141731297 0.4833098374896109 0.01755121285298138 0.013200336958138336
1 0.5533988184880494 0.30882578513188375 0.011255748746358662 0.011383168973360735
1 0.5198134286754638 0.33405127821180153 0.012727320533113406 0.008321835969555113
1 0.6265946260890389 0.3470062174511173 0.014335284639735945 0.00994800296574958
