1 0.4070567875 0.5646998328125 0.40559895 0.5619419640625 0.40147739531250004 0.5658165390625001 0.3996175984375 0.572516878125 0.40519699062500003 0.572516878125 0.4070567875 0.5646998328125
1 0.4044530828125 0.581729846875 0.4059408984375 0.5769837640625 0.4059408984375 0.5736336046875 0.402808771875 0.57275390625 0.40036150625 0.5786588640625 0.40036150625 0.5828465734375 0.40296523906250004 0.5853591828125 0.4044530828125 0.581729846875
1 0.3592473375 0.6918343218749999 0.3596812828125 0.6942771515625 0.3616340734375 0.6946028703125 0.36336989218750004 0.6941142984375 0.36336989218750004 0.6923228921875 0.3642378 0.6890657859375 0.364671746875 0.6866229546875 0.364671746875 0.683691553125 0.363009978125 0.6822102859375 0.36098315468750003 0.683691553125 0.36054919218750003 0.6861343828125 0.35989827343749997 0.6887400671874999 0.3592473375 0.6918343218749999
0 0.43169034687499996 0.4313697078125 0.43250867031249995 0.4269205734375 0.4282187125 0.431043990625 0.42778476562499995 0.43430109687499996 0.4303884765625 0.43560394531249996 0.43169034687499996 0.4313697078125
0 0.35010721875 0.4593808265625 0.353144875 0.45677514375 0.35329860156250004 0.45296224062499996 0.3470695640625 0.45449516562500003 0.3427300359375 0.45677514375 0.3462016390625 0.4593808265625 0.35010721875 0.4593808265625
0 0.4611991140625 0.40335857812500003 0.46510469531250004 0.4043357140625 0.4683159625 0.4000651046875 0.46597258750000004 0.3968443625 0.4607651671875 0.395215809375 0.458595403125 0.399450053125 0.4611991140625 0.40335857812500003
0 0.1778279796875 0.6829736546875 0.1739223984375 0.680042253125 0.1688367953125 0.677978515625 0.1669791609375 0.6819965375 0.171752634375 0.683950796875 0.1769600703125 0.684602209375 0.1778279796875 0.6829736546875
0 0.19735586875 0.7325334375 0.1917144703125 0.730904884375 0.1895447078125 0.7273220703125001 0.18511283750000002 0.72762044375 0.18173356093749998 0.7299277656250001 0.18737494375 0.7312306140625 0.19345028749999998 0.73220773125 0.19735586875 0.7325334375
1 0.3851354109375 0.262596453125 0.388064596875 0.2603979015625 0.388064596875 0.2572222328125 0.3862304609375 0.2515258796875 0.3835080890625 0.25502368125 0.382206225 0.259420784375 0.3831826296875 0.262596453125 0.3851354109375 0.262596453125
1 0.2953072 0.30436885 0.300514628125 0.30436885 0.3034438140625 0.3033917328125 0.3044201921875 0.302414596875 0.301816490625 0.3014374609375 0.2975854421875 0.30046032500000003 0.294981715625 0.2994831890625 0.2910156171875 0.2991333015625 0.2871705859375 0.2997274875 0.2878215046875 0.3021703171875 0.29107615 0.30314743437499997 0.2953072 0.30436885
0 0.3945738890625 0.2728951625 0.40238501718749997 0.2738722890625 0.40694152656250004 0.27533799375 0.40861001874999997 0.2725830078125 0.405314203125 0.271429459375 0.4017340984375 0.27216230625 0.39750304999999997 0.27191802656249997 0.3945738890625 0.2728951625
