0 0.4560546875 0.3541666671875 0.4580078125 0.3515625 0.4599609375 0.3515625 0.4609375 0.3502604171875 0.4609375 0.3450520828125 0.4599609375 0.34375 0.4560546875 0.34375 0.4541015625 0.3463541671875 0.4521484375 0.3463541671875 0.447265625 0.3528645828125 0.447265625 0.3580729171875 0.4482421875 0.359375 0.44921875 0.3580729171875 0.4501953125 0.3567708328125 0.4521484375 0.3567708328125 0.4541015625 0.3541666671875 0.4560546875 0.3541666671875
0 0.5908203125 0.3958333328125 0.5888671875 0.3984375 0.5849609375 0.3984375 0.5830078125 0.4010416671875 0.5810546875 0.4010416671875 0.580078125 0.40234375 0.580078125 0.4049479171875 0.5810546875 0.40625 0.5927734375 0.40625 0.59375 0.4049479171875 0.59765625 0.40234375 0.59765625 0.3997395828125 0.5947265625 0.3958333328125 0.5908203125 0.3958333328125
0 0.6650390625 0.515625 0.6630859375 0.5182291671875 0.6611328125 0.5182291671875 0.66015625 0.51953125 0.6650390625 0.5260416671875 0.6728515625 0.5260416671875 0.673828125 0.5247395828125 0.67578125 0.5221354171875 0.67578125 0.51953125 0.6728515625 0.515625 0.6650390625 0.515625
0 0.3486328125 0.5755208328125 0.3466796875 0.5729166671875 0.3388671875 0.5729166671875 0.3359375 0.5768229171875 0.3359375 0.5794270828125 0.3427734375 0.5885416671875 0.3447265625 0.5885416671875 0.3466796875 0.5911458328125 0.3544921875 0.5911458328125 0.35546875 0.58984375 0.357421875 0.5872395828125 0.357421875 0.5846354171875 0.3505859375 0.5755208328125 0.3486328125 0.5755208328125
0 0.2080078125 0.3098958328125 0.2041015625 0.3098958328125 0.2021484375 0.3125 0.2001953125 0.3125 0.197265625 0.31640625 0.2001953125 0.3203125 0.2138671875 0.3203125 0.21484375 0.3190104171875 0.21484375 0.3138020828125 0.2138671875 0.3125 0.2099609375 0.3125 0.2080078125 0.3098958328125
1 0.216796875 0.61328125 0.2138671875 0.609375 0.2119140625 0.609375 0.2099609375 0.6119791671875 0.2080078125 0.6119791671875 0.2060546875 0.6145833328125 0.2041015625 0.6145833328125 0.203125 0.6158854171875 0.203125 0.62109375 0.2060546875 0.625 0.2080078125 0.625 0.208984375 0.6236979171875 0.2099609375 0.6223958328125 0.2119140625 0.6223958328125 0.216796875 0.6158854171875 0.216796875 0.61328125
1 0.6142578125 0.3046875 0.6123046875 0.3020833328125 0.6103515625 0.3046875 0.6083984375 0.3046875 0.607421875 0.3059895828125 0.607421875 0.30859375 0.6103515625 0.3125 0.6123046875 0.3125 0.6142578125 0.3151041671875 0.6279296875 0.3151041671875 0.62890625 0.3138020828125 0.6259765625 0.3098958328125 0.6240234375 0.3098958328125 0.6201171875 0.3046875 0.6142578125 0.3046875
1 0.7490234375 0.3697916671875 0.7470703125 0.3723958328125 0.7431640625 0.3723958328125 0.7421875 0.3736979171875 0.7421875 0.3763020828125 0.7431640625 0.3776041671875 0.7451171875 0.3776041671875 0.7470703125 0.3802083328125 0.7548828125 0.3802083328125 0.755859375 0.37890625 0.7578125 0.3763020828125 0.7578125 0.3736979171875 0.7548828125 0.3697916671875 0.7490234375 0.3697916671875
1 0.7353515625 0.4244791671875 0.7421875 0.4153645828125 0.7421875 0.41015625 0.7412109375 0.4088541671875 0.7353515625 0.4088541671875 0.7314453125 0.4140625 0.7294921875 0.4140625 0.7265625 0.41796875 0.7265625 0.4205729171875 0.724609375 0.4231770828125 0.724609375 0.42578125 0.7275390625 0.4296875 0.728515625 0.4283854171875 0.7294921875 0.4270833328125 0.7314453125 0.4270833328125 0.7333984375 0.4244791671875 0.7353515625 0.4244791671875
1 0.8388671875 0.34375 0.8369140625 0.3411458328125 0.8349609375 0.3411458328125 0.8330078125 0.3385416671875 0.8232421875 0.3385416671875 0.8203125 0.3424479171875 0.8203125 0.3450520828125 0.8251953125 0.3515625 0.8271484375 0.3515625 0.8291015625 0.3541666671875 0.8388671875 0.3541666671875 0.83984375 0.3528645828125 0.841796875 0.3502604171875 0.841796875 0.3450520828125 0.8408203125 0.34375 0.8388671875 0.34375
