0 0.5182180734374999 0.316823334375 0.5175414390624999 0.315341103125 0.5137212046874999 0.31450582968749996 0.5112542343750001 0.3166350171875 0.5093441171875 0.31621737968749997 0.503176696875 0.321540346875 0.502062996875 0.32663399531250004 0.50273963125 0.3281162265625 0.503973115625 0.3270516328125 0.5052066 0.32598703906250004 0.5071167187500001 0.3264046765625 0.5095836859375 0.324275490625 0.511493803125 0.324693128125 0.513960771875 0.322563940625 0.515870890625 0.32298157656250004 0.5171043734375 0.321916984375 0.5182180734374999 0.316823334375
0 0.6237180718750001 0.3972647546875 0.6224845890624999 0.398329346875 0.6219277390625 0.4008761734375 0.622604371875 0.40235840156249997 0.6340650828125 0.40486422656250004 0.635298565625 0.4037996328125 0.6396756515625001 0.40208808281249997 0.640232503125 0.3995412578125 0.6382025984374999 0.395094565625 0.6343823640624999 0.3942592921875 0.63191539375 0.396388478125 0.628095159375 0.3955532046875 0.625628190625 0.3976823921875 0.6237180718750001 0.3972647546875
0 0.6791243640625 0.5374707265625001 0.6867648375 0.539141275 0.6879983203125 0.5380766796875001 0.6904652875 0.53594749375 0.6910221375 0.5334006687499999 0.6889922359375 0.5289539765625 0.6813517625000001 0.527283428125 0.6788847953125 0.529412615625 0.6769746765625 0.528994978125 0.6757411921875 0.5300595703125001 0.6791243640625 0.5374707265625001
0 0.34585402656249997 0.5193087265624999 0.35059046562499996 0.52968434375 0.35250058281249996 0.5301019828125 0.353853853125 0.5330664421875 0.361494325 0.534736990625 0.36272780937500004 0.5336723984375 0.3651947765625 0.5315432109375 0.3657516265625 0.5289963875 0.3610151875 0.5186207703125 0.35910506875000003 0.518203134375 0.35775180156249997 0.5152386734375 0.350111328125 0.5135681234375 0.346410875 0.5167619046875 0.34585402656249997 0.5193087265624999
0 0.266477465625 0.2324272234375 0.2685073671875 0.2368739171875 0.28187819531249997 0.23979737812500002 0.283111678125 0.2387327859375 0.2842253796875 0.2336391359375 0.28354874375 0.23215690625000002 0.27972850781249997 0.23132163125 0.278375240625 0.22835716874999998 0.27455500312500003 0.22752189375 0.27208803593750003 0.22965108125000003 0.2701779171875 0.2292334453125 0.266477465625 0.2324272234375
1 0.2137806625 0.523788784375 0.21131369375000003 0.5259179703125 0.209403575 0.525500334375 0.2081700921875 0.526564928125 0.2070563921875 0.531658575 0.20908629374999999 0.5361052671875 0.21099641406249997 0.5365229046875 0.212229896875 0.5354583125000001 0.21346338125000003 0.5343937171875 0.21537349843750003 0.53481135625 0.22154091875 0.5294883890625 0.22209776875 0.5269415640624999 0.2200678671875 0.522494871875 0.2181577484375 0.522077234375 0.2156907796875 0.524206421875 0.2137806625 0.523788784375
1 0.6698296859374999 0.309943771875 0.6692728375 0.31249059687499997 0.6713027390625 0.3169372890625 0.6732128562499999 0.31735492656250003 0.674566125 0.3203193890625 0.6879369515625 0.32324285 0.6891704375 0.32217825625 0.687140534375 0.31773156406249997 0.685230415625 0.3173139265625 0.6825238796875001 0.311385003125 0.676793525 0.31013209062499997 0.67544025625 0.3071676296875 0.6729732875 0.3092968171875 0.6710631703125001 0.3088791796875 0.6698296859374999 0.309943771875
1 0.786592896875 0.4075250046875 0.78726953125 0.4090072359375 0.7891796484375 0.4094248734375 0.7905329171875 0.41238933437499997 0.7981733906249999 0.414059884375 0.7994068734375 0.41299529062499996 0.8018738421875 0.41086610312499994 0.802430690625 0.40831927968750004 0.8004007890624999 0.4038725875 0.794670434375 0.40261967656250003 0.7922034671875 0.4047488625 0.7883832296875 0.40391358750000006 0.7871497468750001 0.40497818125 0.786592896875 0.4075250046875
1 0.772946859375 0.437898578125 0.7680129234375 0.44215695312500003 0.7661028062499999 0.4417393140625 0.7624023546875 0.4449330953125 0.7618455046875 0.44747991875000004 0.7593785359375 0.4496091046875 0.7588216859375 0.4521559296875 0.7608515890625 0.456602621875 0.7620850734375 0.45553802968749996 0.7633185578125 0.454473434375 0.765228675 0.454891071875 0.7676956421875001 0.4527618859375 0.7696057625 0.4531795234375 0.77824015 0.44572736874999996 0.7793538484375 0.44063372031250003 0.7786772156249999 0.43915149062500003 0.772946859375 0.437898578125
1 0.8739371234375 0.3879280046875 0.870236671875 0.3911217859375 0.869679821875 0.3936686078125 0.87306299375 0.40107976250000005 0.8749731109375001 0.40149739999999995 0.8763263796875 0.4044618625 0.885876971875 0.40655005 0.8871104546874999 0.4054854546875 0.8895774218750001 0.40335626874999997 0.8906911234375 0.39826261875 0.8900144875 0.3967803890625 0.8881043703125 0.3963627515625 0.8867511015625 0.39339828906249996 0.884840984375 0.3929806515625 0.8834877140625 0.39001619062500004 0.8739371234375 0.3879280046875
