1 0.5922376652610033 0.557196959542452 0.01736931333545435 0.016325336958138335
1 0.6461080999363666 0.49529913741306125 0.01736931333545435 0.016325336958138335
1 0.6176927459420936 0.4519337979834651 0.009465906667727352 0.008194501977166268
1 0.5400757285964578 0.5394391151699398 0.00793976933481808 0.011255834980972068
1 0.48607802458627647 0.6122744372993305 0.011046588001272539 0.009820668973360824
1 0.4736785692632305 0.5359520178316781 0.00793976933481808 0.011255834980972068
1 0.4588711819303214 0.5322221813678315 0.012627269334818081 0.011446835969555025
1 0.5039836872613215 0.5512560242574688 0.0031795440006362695 0.004814833992388756
1 0.5822915952816843 0.404375707070994 0.009447725334181811 0.006632001977166268
1 0.575069441279457 0.42049545558811924 0.009484088001272716 0.00975700197716627
